312,312,312,312,312,311,311,311,310,310,310,310,309,308,308,308,308,308,308,307
307,305,305,305,304,304,304,304,304,304,304,304,304,304,304,304,304,304,304,304
304,304,304,305,304,304,305,306,306,307,307,307,307,307,307,307,307,307,307,307
307,307,308,307,308,307,307,308,308,308,308,307,307,306,305,303,304,303,303,303
303,303,303,304,304,304,305,304,304,305,305,306,307,307,307,307,308,308,308,307
307,307,307,308,308,309,309,309,310,310,310,310,310,311,310,310,310,310,310,310
311,312,312,312,312,312,312,312,313,314,314,314,314,314,314,314,314,314,315,315
314,314,314,314,314,314,314,314,314,314,314,314,314,314,314,314,314,314,314,314
313,313,312,312,311,311,311,310,310,310,310,310,310,310,310,311,312,312,312,311
310,310,310,310,310,310,310,310,310,310,310,310,310,310,310,309,310,309,310,309
310,310,309,309,309,309,309,309,309,309,309,309,309,309,310,310,310,311,311,311
312,312,312,313,314,314,313,314,314,314,314,314,314,313,314,314,314,315,315,315
315,314,314,315,315,315,315,315,315,316,315,317,317,318,318,318,318,319,320,320
321,321,321,322,321,325,323,327,327,328,330,331,331,331,331,332,332,332,332,334
336,337,342,342,342,342,345,347,349,348,348,349,349,351,351,352,353,357,357,358
363,363,363,364,364,364,365,365,365,366,365,367,367,367,368,370,372,373,374,375
376,376,377,377,382,382,385,385,387,388,389,389,392,392,394,394,396,400,403,405
406,407,409,409,414,415,417,421,424,424,427,428,429,429,431,432,433,433,437,438
438,438,439,438,438,438,439,438,439,439,440,441,441,442,441,441,443,443,443,445
446,448,448,450,450,450,450,451,451,451,450,450,451,451,451,452,452,452,453,454
454,453,455,456,458,458,457,459,461,461,464,464,466,466,467,468,470,473,474,475
476,476,477,480,480,481,483,485,486,485,489,489,489,493,495,495,498,499,501,503
505,511,512,515,517,518,519,520,526,528,529,530,533,536,535,539,540,543,543,544
548,548,546,547,550,550,554,554,555,554,555,555,556,557,559,560,560,560,562,566
564,567,567,567,567,569,570,574,575,580,584,584,585,589,591,593,595,596,602,604
607,608,608,611,614,614,615,616,619,620,621,623,624,624,624,625,625,626,625,626
628,630,631,630,631,634,635,635,635,636,639,643,652,653,655,657,658,660,661,662
666,667,670,671,675,679,679,681,681,683,690,694,702,708,712,714,714,715,718,719
721,722,724,725,724,726,726,726,729,729,730,731,736,738,740,739,742,742,743,743
745,745,747,751,753,757,760,762,764,765,770,771,772,777,778,780,782,784,785,788
792,793,796,795,797,798,800,800,799,805,809,810,810,813,814,814,815,816,817,819
822,824,824,827,827,829,828,833,833,833,835,836,837,837,839,838,840,840,840,842
843,845,844,849,851,853,853,856,858,859,860,861,862,865,867,868,869,870,874,876
877,880,881,883,884,885,885,886,886,886,884,884,884,884,883,883,883,883,883,884
884,884,884,884,884,884,884,884,884,884,885,885,885,886,887,888,889,890,895,897
897,902,904,905,909,912,913,917,918,918,918,919,922,926,927,928,928,929,934,936
937,938,938,939,944,946,948,949,955,955,955,957,962,966,967,974,978,979,980,982
984,986,991,993,995,998,1000,1004,1009,1011,1015,1017,1021,1022,1022,1022,1022,1022,1022,1022
1022,1023,1022,1022,1022,1022,1023,1022,1022,1022,1022,1022,1022,1022,1022,1022,1022,1022,1022,1022
1022,1022,1021,1022,1022,1022,1022,1022,1022,1023,1022,1022,1022,1022,1022,1022,1022,1022,1022,1022
1021,1022,1022,1022,1022,1022,1022,1022,1022,1022,1022,1022,1022,1022,1022,1022,1022,1022,1022,1022
1022,1022,1022,1022,1022,1022,1022,1022,1022,1022,1022,1022,1022,1022,1022,1022,1022,1022,1022,1022
1022,1022,1022,1021,1022,1022,1022,1022,1022,1022,1022,1023,1022,1022,1023,1022,1022,1022,1022,1022
1022,1022,1022,1023,1022,1022,1022,1022,1022,1022,1022,1022,1022,1022,1022,1022,1022,1022,1022,1022
1022,1022,1022,1022,1022,1022,1022,1023,1022,1022,1022,1022,1022,1022,1022,1022,1022,1022,1022,1022
1022,1022,1022,1022,1022,1022,1022,1022,1022,1022,1022,1022,1022,1022,1022,1022,1022,1022,1022,1022
1022,1022,1022,1022,1022,1022,1023,1022,1022,1022,1022,1021,1022,1022,1022,1022,1022,1022,1022,1022
1022,1022,1022,1022,1023,1022,1022,1022,1022,1022,1022,1022,1022,1022,1022,1022,1022,1022,1022,1022
1022,1022,1022,1022,1022,1022,1022,1022,1022,1022,1022,1022,1022,1022,1022,1022,1022,1022,1022,1022
1022,1022,1022,1022,1022,1022,1022,1022,1022,1022,1022,1022,1022,1022,1022,1022,1022,1022,1022,1022
1022,1022,1022,1022,1022,1022,1022,1022,1022,1022,1023,1022,1022,1022,1022,1022,1022,1022,1022,1022
1022,1022,1022,1022,1022,1022,1022,1022,1022,1021,1018,1016,1010,1004,998,995,992,986,982,980
976,973,964,961,955,951,951,949,941,941,938,936,934,927,927,924,920,918,918,917
911,908,903,901,898,895,891,883,882,877,873,869,866,863,860,856,853,852,847,843
843,842,841,842,838,838,838,837,837,834,834,832,832,825,822,817,813,811,803,797
796,792,787,782,779,772,766,761,753,747,737,729,727,722,719,713,697,689,681,675
672,663,645,633,631,627,623,619,608,603,586,573,566,560,555,553,547,541,532,523
517,504,493,486,477,468,459,457,448,440,439,434,428,423,415,408,403,396,391,387
381,377,364,359,354,348,345,342,329,324,317,313,307,302,300,296,290,286,275,270
268,262,258,255,255,254,249,248,248,248,248,248,248,249,249,249,250,250,251,251
252,252,252,255,255,256,255,256,256,256,256,256,256,256,256,256,256,256,256,256
256,256,256,256,256,256,256,256,256,257,257,258,260,260,260,260,261,265,270,270
271,273,274,275,279,281,282,283,289,291,296,300,301,302,303,306,306,308,310,311
313,317,319,323,326,331,333,334,334,336,345,347,348,348,349,348,348,349,350,350
349,349,350,350,350,350,349,349,349,349,349,349,349,349,349,349,349,349,348,348
348,348,348,347,347,347,347,347,347,344,344,344,340,340,340,340,340,341,343,344
344,343,343,343,343,343,343,338,338,338,338,338,338,338,339,340,343,338,338,338
338,338,338,337,337,337,336,337,336,334,333,332,331,329,327,326,325,321,320,319
310,307,297,279,267,256,244,242,241,239,236,236,235,236,239,239,237,237,239,239
240,240,239,239,240,240,240,240,240,240,239,239,238,238,238,238,239,239,238,239
240,239,239,239,239,239,240,240,240,240,240,241,241,242,242,243,243,243,244,251
251,252,251,255,257,259,259,262,266,266,267,268,266,268,270,270,271,273,273,276
280,280,286,297,300,303,307,308,310,311,315,318,320,324,328,332,337,345,349,354
363,365,370,375,385,392,394,406,410,411,414,414,417,419,421,427,428,432,431,432
433,434,434,435,434,435,435,435,436,436,436,436,437,436,437,436,435,435,435,438
438,443,440,442,443,444,444,444,446,447,448,448,449,452,452,452,454,458,459,462
464,467,465,467,466,466,465,468,470,471,475,476,477,477,477,477,478,479,480,480
480,480,480,480,480,480,480,480,480,481,482,482,483,483,483,483,483,484,484,483
483,483,483,483,484,483,483,484,484,484,484,484,484,484,484,484,483,482,482,482
482,481,481,481,481,478,479,479,480,476,477,476,471,463,457,451,443,439,430,416
407,398,389,384,368,361,353,345,330,323,313,301,293,275,269,254,246,236,229,217
201,196,185,161,149,133,114,104,83,64,50,36,25,15,9,1,0,0,0,0
0,0,0,0,0,0,0,0,0,0,0,0,0,0,0,0,0,0,0,0
0,0,0,0,0,0,0,0,0,0,0,0,0,0,0,0,0,0,0,0
0,0,0,0,0,0,0,0,0,0,0,0,0,0,0,0,0,0,0,0
0,0,0,0,0,0,0,0,0,0,0,0,0,0,0,0,0,0,0,0
0,0,0,0,0,0,0,0,0,0,0,0,0,0,0,0,0,0,0,0
0,0,0,0,0,0,0,0,0,0,0,0,0,0,0,0,0,0,0,0
0,0,0,0,0,0,0,0,0,0,0,0,0,0,0,0,0,0,0,0
0,0,0,0,0,0,0,0,0,0,0,0,0,0,0,0,0,0,0,0
0,0,0,0,0,0,0,0,0,0,0,0,0,0,0,0,0,0,0,0
0,0,0,0,0,0,0,0,0,0,0,0,0,0,0,0,0,0,0,0
0,0,0,0,0,0,0,0,0,0,0,0,0,0,0,0,0,0,0,0
0,0,0,0,0,0,0,0,0,0,0,0,0,0,0,0,0,0,0,0
0,0,0,0,0,0,0,0,0,0,0,0,0,0,0,0,0,0,0,0
0,0,0,0,0,0,0,0,0,0,0,0,0,0,0,0,0,0,0,0
0,0,0,0,0,0,0,0,0,0,0,0,0,0,0,0,0,0,0,0
0,0,0,0,0,0,0,0,0,0,0,0,0,0,0,0,0,0,0,0
0,0,0,0,0,0,0,0,0,0,0,0,0,0,0,0,0,0,0,0
0,0,0,0,0,0,0,0,0,0,0,0,0,0,0,0,0,0,0,0
